$ANSIBLE_VAULT;1.1;AES256
66666635653061366466383361366337376333316536643539333332306362313363613061373930
3435373934393862363133356362326364613532613338660a666638376363616438633136353431
64333364626534373637383938343333366432333466353363313933336464363666633662306565
3763386566306134380a653132306537343466343632316166613831306135363231643565613261
31653465343832303935633332343432333539376231383064363461353938616335356335383031
36666535666264363631333931306266353631616135626435653236633763333162393030303537
39326336656535346661383563623466313837383839313366313030643936313765656135363530
66623636396533333335633766383334323933666639653563303938613135383661653638616530
33343634386238323135346132363264346432353931343837326165626466656461386233623563
62353439653832643633653938613563616436363530613162353233356433663763323663643933
33356661666337663530393132323562336464323833616133373037633232343866353138396464
37336336633763636663633565636630326538353064326137316239353261353065613939613765
32646165376263316664646239393266363464633434636663633031316166663064633561626431
61363566393035333738333036353937363036386331316430343461383763613831396463663338
61613066633762383766363439373535303964373035643632393538643266623264353033373761
66303663373863663631373765373032623834646565343931356136643132636462326439363836
37643161666435343964636230306364376334663365633963313738303436376162306666313865
61363334636463383938623933623937396132653034613833353031656432633635643533303561
37396339623334386363343361313833616238313563643735383931616361613934666565653233
30373862666633333161313963343736346335363361303063353437613064343634333361303263
38383839626638653838376232626634623538373563306163353764366130643565653130383262
32396263313133666633316564323865383039623365316366383734306362656361393634306635
35656431376439396239303864663236396235653530396137636132643033353334623166666261
64343335636565353338386436643334353535376239636130383231383635333634363233633932
6335
